102

0111111111111 011111111111
longipen 1. 11111111. l. t. 139. 11.· 1., 1111111111·11.1.11111111111 1151
⁸ 147.11.2.151 11191111111111111. ’ 111155
111911111111.1111111111. 111. 11. 1. 1111111111111111. 1. 1. 58. 149
40. 111. 151 1911111111 1811111111. 11. 1147
111911111118111. I. 1. 57 111111111111 1. 11111111. 11. 111151
Ludwigiei* 151. 1114 strangulatum* 155. 1151
lycopodioiden v· Macron. l· 1. 191. striatam 163. 153. 1119
11. 1. 111 11111111111.111111111.1. · 111115
11111111111111 1111111111. 11. 1. 154 sulcatum 1. 5111111111. 11 1. 141
11111111111111 1111111111. m. 11. 1. 150 5111111111. 1111111111. 11. 1. 155
1111111111 v· 11111. M. 1. 171. 11. 1. tortum 1. 81111111. t. 11. 1. 116

61156 11111111 1151 ’

11111111ῐί11 1111111111. m· 1170. undulatam 1111111111. 1ιί ll. 2·¹37

IL 1 144 1111111111 1111111111. 1. 111111
11111111111111111111. 1. 191. 11. 1. 111

115 Ρ11111111

111111111ιὸ111. 1. 1. 57 19111111119.1.11.11991.1.16111.
1111191111* 151. 1.2. 14 11111111
111111111111111111. 1. o. affine 1. 1. 19 1111101111
1111111111. 1. 2. 45 1111111,11.19.1.111111111111 1.1.1
91111111111111 1. 811111. 1. 169. 11. 1. alternisolium 23. 1. 10. 11. 1⁰

511119 111111111).19.1.1ἰιί111111 m
plicatum* 1. 51. 11. 18 11911111· , 1. 1. 1. 1.1
1111111111 1111111111. p· 1. 171. 11. 1. carnioucum* ι 1. 5. 111

61. 154 cohaerem24sp.1.' 111
[1111ιί11111* 150. 111 11 11111111111111111111.111111·111. 116
punctatum 1. Macram. p. 111154 amisum* 1.1 1. 11
quadrifidum 1. 5111111. q. 11. 1. 147 1111111120. 11. 1. 9. 1.1.1
11111111111111111111111. 111. 145 1111νί11111 10. 111. 11. 1. 11
11111111 1151 1111111111 111111111111111 111
Bag-eri* 153. 11. 16 11111111111121· ⁵
1191111111 1. 81111111. r. ,1. 139. 11. 1. 1111111*

150 1111911111811111.

rupture* 155. 1. 1. 16 stamnum*

 

